# to compare the sizes of roadsLayout and service freq and threshold

# to test the effect on the simulator with a service area noBins = 50

stopTime 300
warmUpTime 16.0

lorryVolume 24
lorryMaxLoad 8500
binServiceTime 300
binVolume 3.0
bagVolume 0.04
bagWeightMin 3
bagWeightMax 10

disposalDistrRate 4
disposalDistrShape 1

serviceFreq experiment 0.0 0.01 0.02 0.03 0.04 0.041 0.042 0.043 0.044 0.045 0.046 0.047 0.048 0.049 0.05 0.051 0.052 0.053 0.054 0.055 0.056 0.057 0.058 0.059 0.06 0.08 0.081 0.082 0.083 0.084 0.085 0.086 0.087 0.088 0.089 0.09 0.091 0.092 0.093 0.094 0.095 0.096 0.097 0.098 0.099 0.1 0.11 0.12 0.13 0.14 0.15 0.16 0.2 0.3 

noAreas 7
areaIdx 0 serviceFreq 0.05 thresholdVal 0.4 noBins 10
roadsLayout
0	7	-1	5	-1	9	-1	-1	6	8	9	
6	0	-1	-1	7	5	-1	5	-1	8	5	
9	7	0	-1	5	-1	6	9	8	6	7	
5	8	7	0	7	7	5	7	8	8	9	
-1	9	8	-1	0	6	9	8	9	-1	9	
-1	-1	6	-1	7	0	5	6	5	-1	8	
7	6	-1	9	5	6	0	-1	-1	5	-1	
9	-1	7	6	5	-1	-1	0	9	7	5	
6	8	9	-1	-1	7	5	-1	0	9	-1	
-1	-1	5	-1	7	-1	5	-1	-1	0	5	
5	9	8	6	-1	-1	7	9	-1	9	0	

areaIdx 1 serviceFreq 0.05 thresholdVal 0.5 noBins 10
roadsLayout
0	7	7	8	5	-1	-1	8	6	-1	8	
7	0	9	7	8	9	8	-1	-1	-1	8	
7	-1	0	8	8	8	9	8	9	8	5	
8	-1	7	0	-1	9	-1	8	5	9	7	
6	6	7	-1	0	9	6	-1	6	8	7	
5	-1	5	6	8	0	-1	-1	9	-1	5	
8	5	7	-1	5	5	0	5	6	-1	-1	
5	8	7	-1	-1	9	-1	0	6	-1	-1	
5	6	-1	6	-1	9	9	-1	0	-1	5	
-1	6	7	6	7	-1	8	5	6	0	7	
8	7	5	-1	-1	6	9	5	9	6	0	

areaIdx 2 serviceFreq 0.05 thresholdVal 0.55 noBins 10
roadsLayout
0	-1	-1	9	-1	-1	-1	9	6	8	5	
-1	0	-1	6	6	-1	6	5	9	6	9	
5	8	0	5	5	9	-1	6	-1	5	9	
-1	5	-1	0	9	-1	5	7	9	7	-1	
-1	-1	8	5	0	9	7	5	6	-1	6	
6	-1	9	8	6	0	9	-1	7	6	-1	
-1	6	9	8	-1	7	0	-1	-1	-1	6	
6	8	9	9	-1	9	-1	0	5	5	7	
8	-1	8	9	7	-1	5	-1	0	5	-1	
8	9	-1	9	6	-1	6	-1	8	0	5	
8	6	-1	5	6	5	-1	8	-1	5	0	

areaIdx 3 serviceFreq 0.05 thresholdVal 0.6 noBins 10
roadsLayout
0	5	5	5	5	5	-1	-1	8	7	-1	
-1	0	5	-1	6	5	6	9	-1	-1	-1	
-1	6	0	-1	7	7	5	6	9	6	9	
9	7	7	0	-1	-1	-1	8	7	6	-1	
6	-1	6	5	0	5	6	5	5	-1	6	
-1	9	-1	-1	5	0	7	-1	6	9	-1	
8	6	8	5	-1	8	0	8	8	5	5	
6	-1	8	7	5	6	5	0	8	7	5	
9	-1	7	6	-1	7	6	-1	0	-1	-1	
-1	7	-1	6	8	6	9	7	-1	0	-1	
8	5	-1	-1	6	6	-1	-1	8	9	0	

areaIdx 4 serviceFreq 0.05 thresholdVal 0.65 noBins 10
roadsLayout
0	8	-1	5	-1	-1	8	7	-1	-1	-1	
-1	0	-1	5	9	6	7	6	7	5	-1	
8	-1	0	8	7	8	9	5	5	-1	7	
9	6	5	0	-1	8	7	7	-1	6	6	
6	-1	-1	-1	0	-1	-1	8	-1	7	6	
-1	-1	9	7	5	0	7	7	5	6	7	
8	-1	6	5	9	9	0	-1	-1	9	9	
9	6	6	-1	-1	-1	8	0	8	7	9	
9	7	8	5	5	-1	5	9	0	9	-1	
-1	7	7	-1	6	9	5	-1	-1	0	7	
6	7	5	8	-1	9	6	-1	-1	-1	0	

areaIdx 5 serviceFreq 0.05 thresholdVal 0.75 noBins 10
roadsLayout
0	5	6	9	7	-1	5	7	9	9	-1	
6	0	-1	7	-1	5	9	-1	7	8	7	
-1	-1	0	-1	5	7	6	9	-1	-1	8	
-1	5	8	0	-1	-1	6	-1	5	7	-1	
-1	9	6	6	0	-1	-1	7	7	9	9	
7	7	-1	7	-1	0	7	8	6	7	6	
6	6	7	6	-1	-1	0	5	-1	7	8	
5	6	8	9	6	7	9	0	-1	8	-1	
6	9	8	-1	5	6	6	7	0	9	-1	
-1	5	-1	8	8	7	6	-1	7	0	5	
8	6	5	9	-1	5	-1	5	7	9	0	

areaIdx 6 serviceFreq 0.05 thresholdVal 0.8 noBins 10
roadsLayout
0	5	9	6	6	6	6	-1	6	9	9	
8	0	6	5	9	-1	9	8	9	-1	6	
9	7	0	-1	7	-1	9	6	9	5	-1	
9	-1	-1	0	-1	-1	7	5	9	7	6	
-1	5	9	7	0	9	8	7	9	6	7	
9	-1	5	8	7	0	-1	5	-1	7	-1	
5	8	-1	9	9	6	0	7	5	7	8	
6	8	7	-1	7	5	5	0	9	7	-1	
-1	-1	6	-1	-1	5	6	7	0	9	8	
6	7	-1	5	-1	5	5	6	6	0	8	
5	6	9	-1	9	5	6	6	-1	5	0	

