# treaking all parameters 
# realistically, the distances between bins should not be too far 
# esp. for big cities and what not, so estimate between 5 to 10 mins



stopTime 300
warmUpTime 16.0

lorryVolume 24
lorryMaxLoad 8500
binServiceTime 300
binVolume 3.0
bagVolume 0.04
bagWeightMin 3
bagWeightMax 10

disposalDistrRate experiment 4 8 12 16 20
disposalDistrShape experiment 1
serviceFreq experiment 0.083 0.0416 0.16

noAreas 16

areaIdx 0 serviceFreq 0.084 thresholdVal 0.2 noBins 5
roadsLayout
0	6	7	5	5	8	
6	0	-1	8	7	8	
-1	5	0	5	-1	8	
8	6	-1	0	-1	-1	
7	-1	9	-1	0	9	
-1	7	8	7	5	0	

areaIdx 1 serviceFreq 0.084 thresholdVal 0.4 noBins 5
roadsLayout
0	6	7	5	5	8	
6	0	-1	8	7	8	
-1	5	0	5	-1	8	
8	6	-1	0	-1	-1	
7	-1	9	-1	0	9	
-1	7	8	7	5	0	

areaIdx 2 serviceFreq 0.084 thresholdVal 0.6 noBins 5
roadsLayout
0	6	7	5	5	8	
6	0	-1	8	7	8	
-1	5	0	5	-1	8	
8	6	-1	0	-1	-1	
7	-1	9	-1	0	9	
-1	7	8	7	5	0	

areaIdx 3 serviceFreq 0.084 thresholdVal 0.8 noBins 5
roadsLayout
0	6	7	5	5	8	
6	0	-1	8	7	8	
-1	5	0	5	-1	8	
8	6	-1	0	-1	-1	
7	-1	9	-1	0	9	
-1	7	8	7	5	0	

areaIdx 4 serviceFreq 0.084 thresholdVal 0.2 noBins 10
roadsLayout
0	6	9	6	-1	5	8	6	7	9	-1	
-1	0	9	5	8	-1	7	6	7	-1	8	
9	5	0	5	8	9	5	5	7	-1	7	
6	-1	-1	0	7	-1	8	7	-1	8	9	
8	-1	7	8	0	5	7	7	8	-1	-1	
6	-1	9	5	6	0	9	-1	-1	8	-1	
9	8	-1	8	9	7	0	7	-1	-1	-1	
9	7	8	-1	8	-1	8	0	9	6	9	
7	9	6	-1	-1	-1	-1	5	0	8	7	
8	-1	5	8	5	9	-1	9	7	0	5	
9	-1	8	-1	7	6	7	7	-1	7	0	

areaIdx 5 serviceFreq 0.084 thresholdVal 0.4 noBins 10
roadsLayout
0	6	9	6	-1	5	8	6	7	9	-1	
-1	0	9	5	8	-1	7	6	7	-1	8	
9	5	0	5	8	9	5	5	7	-1	7	
6	-1	-1	0	7	-1	8	7	-1	8	9	
8	-1	7	8	0	5	7	7	8	-1	-1	
6	-1	9	5	6	0	9	-1	-1	8	-1	
9	8	-1	8	9	7	0	7	-1	-1	-1	
9	7	8	-1	8	-1	8	0	9	6	9	
7	9	6	-1	-1	-1	-1	5	0	8	7	
8	-1	5	8	5	9	-1	9	7	0	5	
9	-1	8	-1	7	6	7	7	-1	7	0	

areaIdx 6 serviceFreq 0.084 thresholdVal 0.6 noBins 10
roadsLayout
0	6	9	6	-1	5	8	6	7	9	-1	
-1	0	9	5	8	-1	7	6	7	-1	8	
9	5	0	5	8	9	5	5	7	-1	7	
6	-1	-1	0	7	-1	8	7	-1	8	9	
8	-1	7	8	0	5	7	7	8	-1	-1	
6	-1	9	5	6	0	9	-1	-1	8	-1	
9	8	-1	8	9	7	0	7	-1	-1	-1	
9	7	8	-1	8	-1	8	0	9	6	9	
7	9	6	-1	-1	-1	-1	5	0	8	7	
8	-1	5	8	5	9	-1	9	7	0	5	
9	-1	8	-1	7	6	7	7	-1	7	0	

areaIdx 7 serviceFreq 0.084 thresholdVal 0.8 noBins 10
roadsLayout
0	6	9	6	-1	5	8	6	7	9	-1	
-1	0	9	5	8	-1	7	6	7	-1	8	
9	5	0	5	8	9	5	5	7	-1	7	
6	-1	-1	0	7	-1	8	7	-1	8	9	
8	-1	7	8	0	5	7	7	8	-1	-1	
6	-1	9	5	6	0	9	-1	-1	8	-1	
9	8	-1	8	9	7	0	7	-1	-1	-1	
9	7	8	-1	8	-1	8	0	9	6	9	
7	9	6	-1	-1	-1	-1	5	0	8	7	
8	-1	5	8	5	9	-1	9	7	0	5	
9	-1	8	-1	7	6	7	7	-1	7	0	

areaIdx 8 serviceFreq 0.084 thresholdVal 0.2 noBins 15
roadsLayout
0	8	6	-1	5	-1	-1	-1	9	7	-1	-1	-1	8	-1	9	
-1	0	8	8	-1	9	5	5	5	6	-1	6	9	8	6	9	
-1	6	0	-1	8	8	5	6	-1	9	9	-1	-1	-1	5	7	
5	-1	5	0	-1	-1	8	9	-1	-1	6	5	6	8	-1	5	
6	5	6	7	0	-1	-1	8	8	9	5	-1	8	7	8	7	
5	-1	8	-1	6	0	-1	-1	6	7	9	8	9	9	-1	-1	
6	-1	-1	5	5	-1	0	9	-1	6	6	6	8	5	9	-1	
8	-1	-1	-1	8	-1	7	0	5	7	6	-1	-1	-1	9	6	
7	5	-1	8	6	-1	5	8	0	6	-1	9	6	6	7	7	
7	6	-1	-1	-1	-1	6	7	-1	0	6	7	-1	8	-1	-1	
7	-1	6	8	8	7	-1	-1	-1	5	0	8	6	6	-1	-1	
-1	-1	-1	-1	7	-1	5	8	-1	-1	6	0	-1	5	-1	6	
7	6	6	9	8	7	7	8	9	8	-1	7	0	7	5	5	
-1	-1	-1	-1	6	9	7	5	-1	9	8	7	6	0	9	8	
9	-1	-1	5	5	7	-1	-1	5	-1	-1	8	9	-1	0	6	
9	7	-1	7	9	9	9	8	9	7	-1	6	-1	6	6	0	

areaIdx 9 serviceFreq 0.084 thresholdVal 0.4 noBins 15
roadsLayout
0	8	6	-1	5	-1	-1	-1	9	7	-1	-1	-1	8	-1	9	
-1	0	8	8	-1	9	5	5	5	6	-1	6	9	8	6	9	
-1	6	0	-1	8	8	5	6	-1	9	9	-1	-1	-1	5	7	
5	-1	5	0	-1	-1	8	9	-1	-1	6	5	6	8	-1	5	
6	5	6	7	0	-1	-1	8	8	9	5	-1	8	7	8	7	
5	-1	8	-1	6	0	-1	-1	6	7	9	8	9	9	-1	-1	
6	-1	-1	5	5	-1	0	9	-1	6	6	6	8	5	9	-1	
8	-1	-1	-1	8	-1	7	0	5	7	6	-1	-1	-1	9	6	
7	5	-1	8	6	-1	5	8	0	6	-1	9	6	6	7	7	
7	6	-1	-1	-1	-1	6	7	-1	0	6	7	-1	8	-1	-1	
7	-1	6	8	8	7	-1	-1	-1	5	0	8	6	6	-1	-1	
-1	-1	-1	-1	7	-1	5	8	-1	-1	6	0	-1	5	-1	6	
7	6	6	9	8	7	7	8	9	8	-1	7	0	7	5	5	
-1	-1	-1	-1	6	9	7	5	-1	9	8	7	6	0	9	8	
9	-1	-1	5	5	7	-1	-1	5	-1	-1	8	9	-1	0	6	
9	7	-1	7	9	9	9	8	9	7	-1	6	-1	6	6	0	

areaIdx 10 serviceFreq 0.084 thresholdVal 0.6 noBins 15
roadsLayout
0	8	6	-1	5	-1	-1	-1	9	7	-1	-1	-1	8	-1	9	
-1	0	8	8	-1	9	5	5	5	6	-1	6	9	8	6	9	
-1	6	0	-1	8	8	5	6	-1	9	9	-1	-1	-1	5	7	
5	-1	5	0	-1	-1	8	9	-1	-1	6	5	6	8	-1	5	
6	5	6	7	0	-1	-1	8	8	9	5	-1	8	7	8	7	
5	-1	8	-1	6	0	-1	-1	6	7	9	8	9	9	-1	-1	
6	-1	-1	5	5	-1	0	9	-1	6	6	6	8	5	9	-1	
8	-1	-1	-1	8	-1	7	0	5	7	6	-1	-1	-1	9	6	
7	5	-1	8	6	-1	5	8	0	6	-1	9	6	6	7	7	
7	6	-1	-1	-1	-1	6	7	-1	0	6	7	-1	8	-1	-1	
7	-1	6	8	8	7	-1	-1	-1	5	0	8	6	6	-1	-1	
-1	-1	-1	-1	7	-1	5	8	-1	-1	6	0	-1	5	-1	6	
7	6	6	9	8	7	7	8	9	8	-1	7	0	7	5	5	
-1	-1	-1	-1	6	9	7	5	-1	9	8	7	6	0	9	8	
9	-1	-1	5	5	7	-1	-1	5	-1	-1	8	9	-1	0	6	
9	7	-1	7	9	9	9	8	9	7	-1	6	-1	6	6	0	

areaIdx 11 serviceFreq 0.084 thresholdVal 0.8 noBins 15
roadsLayout
0	8	6	-1	5	-1	-1	-1	9	7	-1	-1	-1	8	-1	9	
-1	0	8	8	-1	9	5	5	5	6	-1	6	9	8	6	9	
-1	6	0	-1	8	8	5	6	-1	9	9	-1	-1	-1	5	7	
5	-1	5	0	-1	-1	8	9	-1	-1	6	5	6	8	-1	5	
6	5	6	7	0	-1	-1	8	8	9	5	-1	8	7	8	7	
5	-1	8	-1	6	0	-1	-1	6	7	9	8	9	9	-1	-1	
6	-1	-1	5	5	-1	0	9	-1	6	6	6	8	5	9	-1	
8	-1	-1	-1	8	-1	7	0	5	7	6	-1	-1	-1	9	6	
7	5	-1	8	6	-1	5	8	0	6	-1	9	6	6	7	7	
7	6	-1	-1	-1	-1	6	7	-1	0	6	7	-1	8	-1	-1	
7	-1	6	8	8	7	-1	-1	-1	5	0	8	6	6	-1	-1	
-1	-1	-1	-1	7	-1	5	8	-1	-1	6	0	-1	5	-1	6	
7	6	6	9	8	7	7	8	9	8	-1	7	0	7	5	5	
-1	-1	-1	-1	6	9	7	5	-1	9	8	7	6	0	9	8	
9	-1	-1	5	5	7	-1	-1	5	-1	-1	8	9	-1	0	6	
9	7	-1	7	9	9	9	8	9	7	-1	6	-1	6	6	0	

areaIdx 12 serviceFreq 0.084 thresholdVal 0.2 noBins 20
roadsLayout
0	-1	5	-1	-1	-1	-1	8	-1	-1	8	8	6	6	9	5	7	-1	9	-1	6	
-1	0	7	8	5	9	9	7	5	6	-1	9	6	6	5	8	7	-1	-1	9	9	
-1	9	0	-1	-1	6	-1	8	-1	5	9	-1	-1	7	8	5	6	5	9	6	5	
5	-1	5	0	-1	9	9	5	5	9	7	8	9	5	-1	7	6	-1	6	8	5	
5	-1	-1	5	0	8	-1	-1	6	9	9	-1	8	9	-1	5	5	7	7	8	8	
9	-1	-1	5	7	0	8	6	6	8	-1	5	-1	-1	9	6	8	-1	-1	5	9	
6	6	6	-1	5	6	0	8	8	5	6	8	-1	-1	-1	7	9	9	5	-1	6	
9	9	6	5	7	-1	8	0	-1	7	-1	8	6	9	6	5	-1	6	7	-1	8	
-1	6	5	-1	8	-1	5	7	0	9	5	-1	6	5	-1	5	5	-1	7	8	7	
-1	8	6	6	8	-1	8	8	7	0	5	9	9	-1	5	-1	-1	8	7	5	-1	
7	-1	6	6	5	7	9	-1	9	9	0	-1	8	9	7	7	7	8	8	-1	9	
-1	7	-1	6	-1	7	-1	-1	7	6	9	0	9	8	9	6	-1	8	9	5	9	
8	9	-1	-1	8	-1	5	-1	5	6	6	-1	0	-1	-1	9	6	-1	5	6	5	
5	-1	5	5	-1	-1	-1	9	9	6	7	6	-1	0	5	8	7	5	5	6	-1	
-1	-1	8	9	-1	9	6	7	6	9	-1	5	6	8	0	6	-1	6	9	-1	9	
6	6	6	8	6	-1	-1	-1	6	6	6	7	8	-1	7	0	8	-1	9	7	-1	
9	8	9	8	-1	8	-1	9	6	-1	7	5	-1	-1	5	6	0	9	6	-1	8	
-1	5	9	6	8	7	5	-1	-1	5	8	-1	-1	8	-1	-1	7	0	-1	5	9	
7	5	9	9	6	8	5	7	7	9	9	7	7	9	7	-1	9	7	0	-1	-1	
-1	-1	7	8	7	6	-1	9	9	9	5	5	5	-1	8	9	-1	-1	9	0	8	
7	6	8	8	9	7	8	-1	6	5	5	7	-1	7	8	9	-1	6	5	7	0	


areaIdx 13 serviceFreq 0.084 thresholdVal 0.4 noBins 20
roadsLayout
0	-1	5	-1	-1	-1	-1	8	-1	-1	8	8	6	6	9	5	7	-1	9	-1	6	
-1	0	7	8	5	9	9	7	5	6	-1	9	6	6	5	8	7	-1	-1	9	9	
-1	9	0	-1	-1	6	-1	8	-1	5	9	-1	-1	7	8	5	6	5	9	6	5	
5	-1	5	0	-1	9	9	5	5	9	7	8	9	5	-1	7	6	-1	6	8	5	
5	-1	-1	5	0	8	-1	-1	6	9	9	-1	8	9	-1	5	5	7	7	8	8	
9	-1	-1	5	7	0	8	6	6	8	-1	5	-1	-1	9	6	8	-1	-1	5	9	
6	6	6	-1	5	6	0	8	8	5	6	8	-1	-1	-1	7	9	9	5	-1	6	
9	9	6	5	7	-1	8	0	-1	7	-1	8	6	9	6	5	-1	6	7	-1	8	
-1	6	5	-1	8	-1	5	7	0	9	5	-1	6	5	-1	5	5	-1	7	8	7	
-1	8	6	6	8	-1	8	8	7	0	5	9	9	-1	5	-1	-1	8	7	5	-1	
7	-1	6	6	5	7	9	-1	9	9	0	-1	8	9	7	7	7	8	8	-1	9	
-1	7	-1	6	-1	7	-1	-1	7	6	9	0	9	8	9	6	-1	8	9	5	9	
8	9	-1	-1	8	-1	5	-1	5	6	6	-1	0	-1	-1	9	6	-1	5	6	5	
5	-1	5	5	-1	-1	-1	9	9	6	7	6	-1	0	5	8	7	5	5	6	-1	
-1	-1	8	9	-1	9	6	7	6	9	-1	5	6	8	0	6	-1	6	9	-1	9	
6	6	6	8	6	-1	-1	-1	6	6	6	7	8	-1	7	0	8	-1	9	7	-1	
9	8	9	8	-1	8	-1	9	6	-1	7	5	-1	-1	5	6	0	9	6	-1	8	
-1	5	9	6	8	7	5	-1	-1	5	8	-1	-1	8	-1	-1	7	0	-1	5	9	
7	5	9	9	6	8	5	7	7	9	9	7	7	9	7	-1	9	7	0	-1	-1	
-1	-1	7	8	7	6	-1	9	9	9	5	5	5	-1	8	9	-1	-1	9	0	8	
7	6	8	8	9	7	8	-1	6	5	5	7	-1	7	8	9	-1	6	5	7	0	

areaIdx 14 serviceFreq 0.084 thresholdVal 0.6 noBins 20
roadsLayout
0	-1	5	-1	-1	-1	-1	8	-1	-1	8	8	6	6	9	5	7	-1	9	-1	6	
-1	0	7	8	5	9	9	7	5	6	-1	9	6	6	5	8	7	-1	-1	9	9	
-1	9	0	-1	-1	6	-1	8	-1	5	9	-1	-1	7	8	5	6	5	9	6	5	
5	-1	5	0	-1	9	9	5	5	9	7	8	9	5	-1	7	6	-1	6	8	5	
5	-1	-1	5	0	8	-1	-1	6	9	9	-1	8	9	-1	5	5	7	7	8	8	
9	-1	-1	5	7	0	8	6	6	8	-1	5	-1	-1	9	6	8	-1	-1	5	9	
6	6	6	-1	5	6	0	8	8	5	6	8	-1	-1	-1	7	9	9	5	-1	6	
9	9	6	5	7	-1	8	0	-1	7	-1	8	6	9	6	5	-1	6	7	-1	8	
-1	6	5	-1	8	-1	5	7	0	9	5	-1	6	5	-1	5	5	-1	7	8	7	
-1	8	6	6	8	-1	8	8	7	0	5	9	9	-1	5	-1	-1	8	7	5	-1	
7	-1	6	6	5	7	9	-1	9	9	0	-1	8	9	7	7	7	8	8	-1	9	
-1	7	-1	6	-1	7	-1	-1	7	6	9	0	9	8	9	6	-1	8	9	5	9	
8	9	-1	-1	8	-1	5	-1	5	6	6	-1	0	-1	-1	9	6	-1	5	6	5	
5	-1	5	5	-1	-1	-1	9	9	6	7	6	-1	0	5	8	7	5	5	6	-1	
-1	-1	8	9	-1	9	6	7	6	9	-1	5	6	8	0	6	-1	6	9	-1	9	
6	6	6	8	6	-1	-1	-1	6	6	6	7	8	-1	7	0	8	-1	9	7	-1	
9	8	9	8	-1	8	-1	9	6	-1	7	5	-1	-1	5	6	0	9	6	-1	8	
-1	5	9	6	8	7	5	-1	-1	5	8	-1	-1	8	-1	-1	7	0	-1	5	9	
7	5	9	9	6	8	5	7	7	9	9	7	7	9	7	-1	9	7	0	-1	-1	
-1	-1	7	8	7	6	-1	9	9	9	5	5	5	-1	8	9	-1	-1	9	0	8	
7	6	8	8	9	7	8	-1	6	5	5	7	-1	7	8	9	-1	6	5	7	0	

areaIdx 15 serviceFreq 0.084 thresholdVal 0.8 noBins 20
roadsLayout
0	-1	5	-1	-1	-1	-1	8	-1	-1	8	8	6	6	9	5	7	-1	9	-1	6	
-1	0	7	8	5	9	9	7	5	6	-1	9	6	6	5	8	7	-1	-1	9	9	
-1	9	0	-1	-1	6	-1	8	-1	5	9	-1	-1	7	8	5	6	5	9	6	5	
5	-1	5	0	-1	9	9	5	5	9	7	8	9	5	-1	7	6	-1	6	8	5	
5	-1	-1	5	0	8	-1	-1	6	9	9	-1	8	9	-1	5	5	7	7	8	8	
9	-1	-1	5	7	0	8	6	6	8	-1	5	-1	-1	9	6	8	-1	-1	5	9	
6	6	6	-1	5	6	0	8	8	5	6	8	-1	-1	-1	7	9	9	5	-1	6	
9	9	6	5	7	-1	8	0	-1	7	-1	8	6	9	6	5	-1	6	7	-1	8	
-1	6	5	-1	8	-1	5	7	0	9	5	-1	6	5	-1	5	5	-1	7	8	7	
-1	8	6	6	8	-1	8	8	7	0	5	9	9	-1	5	-1	-1	8	7	5	-1	
7	-1	6	6	5	7	9	-1	9	9	0	-1	8	9	7	7	7	8	8	-1	9	
-1	7	-1	6	-1	7	-1	-1	7	6	9	0	9	8	9	6	-1	8	9	5	9	
8	9	-1	-1	8	-1	5	-1	5	6	6	-1	0	-1	-1	9	6	-1	5	6	5	
5	-1	5	5	-1	-1	-1	9	9	6	7	6	-1	0	5	8	7	5	5	6	-1	
-1	-1	8	9	-1	9	6	7	6	9	-1	5	6	8	0	6	-1	6	9	-1	9	
6	6	6	8	6	-1	-1	-1	6	6	6	7	8	-1	7	0	8	-1	9	7	-1	
9	8	9	8	-1	8	-1	9	6	-1	7	5	-1	-1	5	6	0	9	6	-1	8	
-1	5	9	6	8	7	5	-1	-1	5	8	-1	-1	8	-1	-1	7	0	-1	5	9	
7	5	9	9	6	8	5	7	7	9	9	7	7	9	7	-1	9	7	0	-1	-1	
-1	-1	7	8	7	6	-1	9	9	9	5	5	5	-1	8	9	-1	-1	9	0	8	
7	6	8	8	9	7	8	-1	6	5	5	7	-1	7	8	9	-1	6	5	7	0	


